 0.000       0.016702       0.016280       0.409093
       0.100       0.016657       0.016116       0.408866
       0.200       0.016612       0.015938       0.408639
       0.300       0.016568       0.015747       0.408412
       0.400       0.016525       0.015543       0.408186
       0.500       0.016482       0.015326       0.407960
       0.600       0.016440       0.015097       0.407734
       0.700       0.016398       0.014856       0.407508
       0.800       0.016357       0.014602       0.407283
       0.900       0.016316       0.014337       0.407058
       1.000       0.016275       0.014061       0.406834
       1.100       0.016235       0.013775       0.406610
       1.200       0.016194       0.013479       0.406387
       1.300       0.016153       0.013172       0.406165
       1.400       0.016112       0.012855       0.405943
       1.500       0.016070       0.012527       0.405722
       1.600       0.016028       0.012189       0.405502
       1.700       0.015985       0.011840       0.405283
       1.800       0.015941       0.011482       0.405065
       1.900       0.015896       0.011113       0.404848
       2.000       0.015850       0.010734       0.404631
       2.100       0.015802       0.010342       0.404416
       2.200       0.015753       0.009940       0.404203
       2.300       0.015703       0.009530       0.403990
       2.400       0.015652       0.009112       0.403779
       2.500       0.015601       0.008687       0.403569
       2.600       0.015549       0.008256       0.403360
       2.700       0.015497       0.007819       0.403153
       2.800       0.015445       0.007377       0.402947
       2.900       0.015392       0.006931       0.402743
       3.000       0.015340       0.006482       0.402541
       3.100       0.015289       0.006033       0.402340
       3.200       0.015238       0.005582       0.402141
       3.300       0.015187       0.005129       0.401944
       3.400       0.015137       0.004675       0.401749
       3.500       0.015086       0.004221       0.401555
       3.600       0.015036       0.003766       0.401364
       3.700       0.014986       0.003312       0.401174
       3.800       0.014936       0.002858       0.400986
       3.900       0.014886       0.002405       0.400801
       4.000       0.014835       0.001952       0.400617
       4.100       0.014785       0.001502       0.400435
       4.200       0.014734       0.001054       0.400256
       4.300       0.014682       0.000607       0.400078
       4.400       0.014631       0.000163       0.399903
       4.500       0.014579      -0.000279       0.399730
       4.600       0.014527      -0.000719       0.399560
       4.700       0.014475      -0.001156       0.399391
       4.800       0.014422      -0.001590       0.399225
       4.900       0.014369      -0.002020       0.399062
       5.000       0.014316      -0.002448       0.398901
       5.100       0.014263      -0.002874       0.398743
       5.200       0.014209      -0.003295       0.398587
       5.300       0.014156      -0.003711       0.398434
       5.400       0.014102      -0.004121       0.398283
       5.500       0.014047      -0.004524       0.398135
       5.600       0.013993      -0.004920       0.397990
       5.700       0.013939      -0.005308       0.397847
       5.800       0.013884      -0.005687       0.397708
       5.900       0.013829      -0.006056       0.397571
       6.000       0.013775      -0.006416       0.397437
       6.100       0.013720      -0.006763       0.397305
       6.200       0.013666      -0.007101       0.397177
       6.300       0.013611      -0.007427       0.397051
       6.400       0.013556      -0.007743       0.396928
       6.500       0.013500      -0.008048       0.396809
       6.600       0.013444      -0.008341       0.396692
       6.700       0.013386      -0.008624       0.396578
       6.800       0.013328      -0.008895       0.396467
       6.900       0.013269      -0.009154       0.396359
       7.000       0.013209      -0.009402       0.396254
       7.100       0.013145      -0.009637       0.396152
       7.200       0.013081      -0.009861       0.396054
       7.300       0.013017      -0.010072       0.395958
       7.400       0.012953      -0.010272       0.395866
       7.500       0.012888      -0.010459       0.395776
       7.600       0.012824      -0.010635       0.395690
       7.700       0.012761      -0.010800       0.395607
       7.800       0.012699      -0.010952       0.395527
       7.900       0.012638      -0.011094       0.395450
       8.000       0.012578      -0.011224       0.395377
       8.100       0.012522      -0.011345       0.395306
       8.200       0.012468      -0.011456       0.395239
       8.300       0.012415      -0.011555       0.395175
       8.400       0.012362      -0.011641       0.395115
       8.500       0.012309      -0.011716       0.395057
       8.600       0.012257      -0.011778       0.395003
       8.700       0.012204      -0.011828       0.394952
       8.800       0.012150      -0.011864       0.394904
       8.900       0.012096      -0.011887       0.394859
       9.000       0.012040      -0.011896       0.394818
       9.100       0.011979      -0.011889       0.394780
       9.200       0.011918      -0.011868       0.394746
       9.300       0.011854      -0.011833       0.394714
       9.400       0.011790      -0.011785       0.394686
       9.500       0.011724      -0.011724       0.394661
       9.600       0.011657      -0.011650       0.394640
       9.700       0.011589      -0.011564       0.394621
       9.800       0.011521      -0.011467       0.394606
       9.900       0.011453      -0.011358       0.394594
      10.000       0.011384      -0.011238       0.394585