0.000       0.016702       0.016280       0.409093
       1.000       0.016275       0.014061       0.406834
       2.000       0.015850       0.010734       0.404631
       3.000       0.015340       0.006482       0.402541
       4.000       0.014835       0.001952       0.400617
       5.000       0.014316      -0.002448       0.398901
       6.000       0.013775      -0.006416       0.397437
       7.000       0.013209      -0.009402       0.396254
       8.000       0.012578      -0.011224       0.395377
       9.000       0.012040      -0.011896       0.394818
      10.000       0.011384      -0.011238       0.394585
      11.000       0.010739      -0.009550       0.394672
      12.000       0.010162      -0.007121       0.395069
      13.000       0.009477      -0.004191       0.395757
      14.000       0.008869      -0.001165       0.396712
      15.000       0.008212       0.001524       0.397902
      16.000       0.007604       0.003760       0.399294
      17.000       0.006971       0.005243       0.400848
      18.000       0.006319       0.005843       0.402526
      19.000       0.005722       0.005716       0.404283
      20.000       0.005151       0.004914       0.406077
      21.000       0.004488       0.003507       0.407868
      22.000       0.003980       0.001985       0.409614
      23.000       0.003454       0.000390       0.411278
      24.000       0.002990      -0.001013       0.412827
      25.000       0.002629      -0.001925       0.414228
      26.000       0.002402      -0.002346       0.415455
      27.000       0.002403      -0.002256       0.416485
      28.000       0.002433      -0.001529       0.417296
      29.000       0.002734      -0.000469       0.417872
      30.000       0.003051       0.000827       0.418201
      31.000       0.003466       0.002238       0.418275
      32.000       0.003898       0.003450       0.418089
      33.000       0.004307       0.004270       0.417644
      34.000       0.004811       0.004692       0.416943
      35.000       0.005227       0.004455       0.416000
      36.000       0.005645       0.003591       0.414827
      37.000       0.006102       0.002267       0.413446
      38.000       0.006506       0.000410       0.411880
      39.000       0.006882      -0.001697       0.410161
      40.000       0.007296      -0.003785       0.408322
      41.000       0.007652      -0.005778       0.406402
      42.000       0.008037      -0.007354       0.404447
      43.000       0.008358      -0.008300       0.402498
      44.000       0.008713      -0.008571       0.400606
      45.000       0.009075      -0.008064       0.398820
      46.000       0.009327      -0.006684       0.397188
      47.000       0.009694      -0.004702       0.395755
      48.000       0.009977      -0.002126       0.394570
      49.000       0.010249       0.000820       0.393668
      50.000       0.010534       0.003789       0.393083
      51.000       0.010804       0.006580       0.392845
      52.000       0.011063       0.009005       0.392966
      53.000       0.011289       0.010643       0.393456
      54.000       0.011540       0.011525       0.394315
      55.000       0.011792       0.011465       0.395521
      56.000       0.011979       0.010404       0.397055
      57.000       0.012201       0.008490       0.398880
      58.000       0.012468       0.005833       0.400950
      59.000       0.012603       0.002589       0.403213
      60.000       0.012859      -0.000938       0.405617
      61.000       0.013047      -0.004447       0.408096
      62.000       0.013238      -0.007773       0.410590
      63.000       0.013438      -0.010537       0.413038
      64.000       0.013625      -0.012560       0.415376
      65.000       0.013824      -0.013722       0.417546
      66.000       0.014012      -0.013860       0.419496
      67.000       0.014146      -0.012931       0.421169
      68.000       0.014406      -0.011131       0.422529
      69.000       0.014510      -0.008359       0.423536
      70.000       0.014676      -0.004976       0.424157
      71.000       0.014877      -0.001169       0.424379
      72.000       0.014986       0.002823       0.424190
      73.000       0.015121       0.006702       0.423584
      74.000       0.015268       0.010097       0.422576
      75.000       0.015363       0.012892       0.421184
      76.000       0.015471       0.014743       0.419433
      77.000       0.015541       0.015529       0.417364
      78.000       0.015628       0.015204       0.415021
      79.000       0.015710       0.013748       0.412456
      80.000       0.015689       0.011176       0.409732
      81.000       0.015800       0.007840       0.406912
      82.000       0.015790       0.003804       0.404065
      83.000       0.015771      -0.000526       0.401269
      84.000       0.015811      -0.004811       0.398589
      85.000       0.015767      -0.008735       0.396102
      86.000       0.015732      -0.012007       0.393877
      87.000       0.015682      -0.014269       0.391971
      88.000       0.015635      -0.015467       0.390438
      89.000       0.015554      -0.015417       0.389324
      90.000       0.015464      -0.014198       0.388653
      91.000       0.015362      -0.011881       0.388446
      92.000       0.015301      -0.008772       0.388708
      93.000       0.015128      -0.004995       0.389421
      94.000       0.015046      -0.001000       0.390564
      95.000       0.014941       0.002992       0.392103
      96.000       0.014781       0.006666       0.393983
      97.000       0.014683       0.009788       0.396153
      98.000       0.014572       0.012146       0.398553
      99.000       0.014458       0.013705       0.401111
     100.000       0.014354       0.014311       0.403766
     101.000       0.014289       0.014077       0.406452
     102.000       0.014238       0.012992       0.409101
     103.000       0.014192       0.011202       0.411658
     104.000       0.014188       0.008793       0.414069
     105.000       0.014278       0.005912       0.416278
     106.000       0.014303       0.002733       0.418247
     107.000       0.014451      -0.000669       0.419940
     108.000       0.014650      -0.004049       0.421324
     109.000       0.014840      -0.007347       0.422381
     110.000       0.015104      -0.010335       0.423097
     111.000       0.015452      -0.012907       0.423460
     112.000       0.015759      -0.014855       0.423476
     113.000       0.016197      -0.016114       0.423150
     114.000       0.016594      -0.016433       0.422492
     115.000       0.017106      -0.015836       0.421525
     116.000       0.017577      -0.014155       0.420272
     117.000       0.018108      -0.011486       0.418758
     118.000       0.018711      -0.007805       0.417021
     119.000       0.019261      -0.003370       0.415098
     120.000       0.019856       0.001696       0.413028
     121.000       0.020526       0.006974       0.410856
     122.000       0.021121       0.012154       0.408629
     123.000       0.021763       0.016804       0.406390
     124.000       0.022439       0.020492       0.404189
     125.000       0.023058       0.022819       0.402071
     126.000       0.023733       0.023525       0.400079
     127.000       0.024344       0.022331       0.398255
     128.000       0.025028       0.019280       0.396635
     129.000       0.025657       0.014401       0.395253
     130.000       0.026239       0.008083       0.394138
     131.000       0.026930       0.000695       0.393313
     132.000       0.027496      -0.007081       0.392791
     133.000       0.028073      -0.014655       0.392587
     134.000       0.028671      -0.021291       0.392699
     135.000       0.029227      -0.026391       0.393125
     136.000       0.029712      -0.029361       0.393855
     137.000       0.030261      -0.029990       0.394869
     138.000       0.030703      -0.027979       0.396140
     139.000       0.031181      -0.023575       0.397643
     140.000       0.031567      -0.017010       0.399338
     141.000       0.031963      -0.008865       0.401187
     142.000       0.032352       0.000224       0.403148
     143.000       0.032626       0.009424       0.405174
     144.000       0.032933       0.018026       0.407218
     145.000       0.033232       0.025259       0.409238
     146.000       0.033390       0.030463       0.411184
     147.000       0.033623       0.033295       0.413013
     148.000       0.033793       0.033450       0.414688
     149.000       0.033906       0.030888       0.416170
     150.000       0.034033       0.025921       0.417426
     151.000       0.034085       0.018875       0.418433
     152.000       0.034192       0.010297       0.419164
     153.000       0.034160       0.001011       0.419603
     154.000       0.034172      -0.008415       0.419742
     155.000       0.034177      -0.017150       0.419571
     156.000       0.034086      -0.024502       0.419095
     157.000       0.033995      -0.029966       0.418323
     158.000       0.033941      -0.033143       0.417270
     159.000       0.033766      -0.033705       0.415960
     160.000       0.033644      -0.031768       0.414426
     161.000       0.033463      -0.027421       0.412701
     162.000       0.033296      -0.021004       0.410833
     163.000       0.033089      -0.013097       0.408867
     164.000       0.032843      -0.004297       0.406854
     165.000       0.032678       0.004803       0.404848
     166.000       0.032396       0.013326       0.402905
     167.000       0.032162       0.020770       0.401074
     168.000       0.031956       0.026542       0.399412
     169.000       0.031697       0.030159       0.397964
     170.000       0.031459       0.031442       0.396771
     171.000       0.031247       0.030333       0.395870
     172.000       0.031020       0.026891       0.395288
     173.000       0.030805       0.021490       0.395038
     174.000       0.030591       0.014578       0.395131
     175.000       0.030393       0.006652       0.395560
     176.000       0.030237      -0.001647       0.396310
     177.000       0.029984      -0.009621       0.397358
     178.000       0.029893      -0.016857       0.398670
     179.000       0.029709      -0.022712       0.400202
     180.000       0.029539      -0.026831       0.401912
     181.000       0.029441      -0.029047       0.403743
     182.000       0.029318      -0.029164       0.405643
     183.000       0.029170      -0.027206       0.407559
     184.000       0.029108      -0.023497       0.409433
     185.000       0.028988      -0.018132       0.411215
     186.000       0.028924      -0.011602       0.412859
     187.000       0.028831      -0.004379       0.414320
     188.000       0.028776       0.003116       0.415563
     189.000       0.028751       0.010407       0.416556
     190.000       0.028681       0.016880       0.417275
     191.000       0.028665       0.022285       0.417708
     192.000       0.028701       0.026194       0.417843
     193.000       0.028641       0.028279       0.417677
     194.000       0.028682       0.028538       0.417219
     195.000       0.028731       0.026878       0.416482
     196.000       0.028706       0.023304       0.415485
     197.000       0.028788       0.018235       0.414258
     198.000       0.028796       0.011860       0.412832
     199.000       0.028871       0.004573       0.411248
     200.000       0.028888      -0.002976       0.409549
     201.000       0.028932      -0.010412       0.407782
     202.000       0.029019      -0.017207       0.405990
     203.000       0.029036      -0.022742       0.404225
     204.000       0.029069      -0.026743       0.402529
     205.000       0.029186      -0.028915       0.400946
     206.000       0.029188      -0.028929       0.399517
     207.000       0.029243      -0.026912       0.398275
     208.000       0.029351      -0.023011       0.397250
     209.000       0.029375      -0.017289       0.396470
     210.000       0.029472      -0.010387       0.395950
     211.000       0.029536      -0.002693       0.395701
     212.000       0.029660       0.005326       0.395730
     213.000       0.029743       0.012934       0.396030
     214.000       0.029852       0.019661       0.396594
     215.000       0.030025       0.025108       0.397407
     216.000       0.030155       0.028693       0.398444
     217.000       0.030308       0.030281       0.399680
     218.000       0.030534       0.029764       0.401087
     219.000       0.030732       0.027054       0.402628
     220.000       0.030935       0.022377       0.404269
     221.000       0.031219       0.016117       0.405973
     222.000       0.031458       0.008541       0.407701
     223.000       0.031768       0.000244       0.409416
     224.000       0.032024      -0.008131       0.411084
     225.000       0.032376      -0.016192       0.412667
     226.000       0.032690      -0.023221       0.414136
     227.000       0.032992      -0.028697       0.415461
     228.000       0.033365      -0.032333       0.416615
     229.000       0.033726      -0.033721       0.417574
     230.000       0.034028      -0.032667       0.418322
     231.000       0.034452      -0.029358       0.418838
     232.000       0.034791      -0.023777       0.419112
     233.000       0.035168      -0.016340       0.419137
     234.000       0.035532      -0.007572       0.418906
     235.000       0.035916       0.001966       0.418421
     236.000       0.036281       0.011685       0.417688
     237.000       0.036634       0.020622       0.416713
     238.000       0.036991       0.028331       0.415514
     239.000       0.037377       0.034071       0.414111
     240.000       0.037677       0.037265       0.412524
     241.000       0.038008       0.037691       0.410783
     242.000       0.038382       0.035235       0.408921
     243.000       0.038597       0.029810       0.406972
     244.000       0.038928       0.022022       0.404978
     245.000       0.039170       0.012280       0.402982
     246.000       0.039383       0.001308       0.401027
     247.000       0.039610      -0.009879       0.399163
     248.000       0.039748      -0.020396       0.397436
     249.000       0.039939      -0.029441       0.395892
     250.000       0.040026      -0.035988       0.394575
     251.000       0.040090      -0.039567       0.393525
     252.000       0.040202      -0.039864       0.392768
     253.000       0.040179      -0.036644       0.392336
     254.000       0.040142      -0.030286       0.392242
     255.000       0.040165      -0.021436       0.392490
     256.000       0.040016      -0.010592       0.393083
     257.000       0.039932       0.000975       0.394009
     258.000       0.039772       0.012377       0.395244
     259.000       0.039597       0.022661       0.396766
     260.000       0.039377       0.030860       0.398535
     261.000       0.039086       0.036278       0.400507
     262.000       0.038853       0.038693       0.402640
     263.000       0.038485       0.037748       0.404875
     264.000       0.038119       0.033762       0.407160
     265.000       0.037745       0.027166       0.409440
     266.000       0.037307       0.018528       0.411656
     267.000       0.036817       0.008637       0.413756
     268.000       0.036346      -0.001562       0.415694
     269.000       0.035807      -0.011360       0.417418
     270.000       0.035255      -0.019975       0.418892
     271.000       0.034642      -0.026650       0.420085
     272.000       0.034068      -0.031165       0.420968
     273.000       0.033422      -0.033094       0.421524
     274.000       0.032761      -0.032471       0.421749
     275.000       0.032099      -0.029464       0.421635
     276.000       0.031463      -0.024459       0.421192
     277.000       0.030710      -0.017768       0.420435
     278.000       0.030071      -0.010201       0.419381
     279.000       0.029379      -0.002196       0.418059
     280.000       0.028661       0.005599       0.416502
     281.000       0.027997       0.012579       0.414746
     282.000       0.027292       0.018281       0.412837
     283.000       0.026646       0.022492       0.410819
     284.000       0.025934       0.024772       0.408739
     285.000       0.025279       0.025265       0.406653
     286.000       0.024669       0.023997       0.404610
     287.000       0.023980       0.021069       0.402654
     288.000       0.023374       0.016898       0.400838
     289.000       0.022835       0.011856       0.399201
     290.000       0.022203       0.006192       0.397776
     291.000       0.021701       0.000503       0.396596
     292.000       0.021215      -0.004947       0.395679
     293.000       0.020713      -0.009832       0.395039
     294.000       0.020331      -0.013862       0.394685
     295.000       0.019891      -0.016778       0.394615
     296.000       0.019603      -0.018663       0.394819
     297.000       0.019272      -0.019238       0.395288
     298.000       0.019010      -0.018663       0.395998
     299.000       0.018850      -0.017018       0.396925
     300.000       0.018672      -0.014363       0.398040
     301.000       0.018532      -0.010862       0.399308
     302.000       0.018543      -0.006856       0.400692
     303.000       0.018467      -0.002335       0.402159
     304.000       0.018491       0.002250       0.403669
     305.000       0.018577       0.006723       0.405189
     306.000       0.018635       0.010863       0.406685
     307.000       0.018759       0.014382       0.408129
     308.000       0.018890       0.017016       0.409492
     309.000       0.019050       0.018694       0.410755
     310.000       0.019224       0.019192       0.411894
     311.000       0.019368       0.018436       0.412895
     312.000       0.019584       0.016525       0.413745
     313.000       0.019771       0.013444       0.414433
     314.000       0.019901       0.009391       0.414949
     315.000       0.020157       0.004653       0.415292
     316.000       0.020307      -0.000534       0.415456
     317.000       0.020481      -0.005830       0.415443
     318.000       0.020689      -0.010779       0.415255
     319.000       0.020873      -0.015157       0.414898
     320.000       0.021029      -0.018526       0.414379
     321.000       0.021239      -0.020681       0.413710
     322.000       0.021392      -0.021376       0.412905
     323.000       0.021608      -0.020603       0.411980
     324.000       0.021734      -0.018246       0.410957
     325.000       0.021936      -0.014566       0.409854
     326.000       0.022131      -0.009714       0.408695
     327.000       0.022244      -0.004043       0.407503
     328.000       0.022456       0.002049       0.406305
     329.000       0.022620       0.008056       0.405124
     330.000       0.022766       0.013630       0.403986
     331.000       0.022922       0.018194       0.402917
     332.000       0.023093       0.021463       0.401942
     333.000       0.023229       0.023122       0.401088
     334.000       0.023353       0.022977       0.400377
     335.000       0.023488       0.021033       0.399828
     336.000       0.023635       0.017402       0.399463
     337.000       0.023713       0.012330       0.399290
     338.000       0.023820       0.006206       0.399318
     339.000       0.023981      -0.000473       0.399552
     340.000       0.024002      -0.007180       0.399983
     341.000       0.024138      -0.013403       0.400601
     342.000       0.024216      -0.018532       0.401391
     343.000       0.024298      -0.022262       0.402331
     344.000       0.024360      -0.024161       0.403395
     345.000       0.024422      -0.024126       0.404555
     346.000       0.024488      -0.022114       0.405777
     347.000       0.024532      -0.018319       0.407029
     348.000       0.024524      -0.012961       0.408275
     349.000       0.024622      -0.006595       0.409479
     350.000       0.024582       0.000375       0.410607
     351.000       0.024576       0.007286       0.411625
     352.000       0.024610       0.013628       0.412501
     353.000       0.024541       0.018823       0.413209
     354.000       0.024502       0.022485       0.413726
     355.000       0.024437       0.024252       0.414035
     356.000       0.024352       0.024009       0.414125
     357.000       0.024259       0.021771       0.413991
     358.000       0.024101       0.017680       0.413634
     359.000       0.023982       0.012153       0.413064
     360.000       0.023840       0.005601       0.412294
     361.000       0.023578      -0.001342       0.411345
     362.000       0.023453      -0.008115       0.410245
     363.000       0.023193      -0.014070       0.409023
     364.000       0.022936      -0.018688       0.407715
     365.000       0.022687      -0.021550       0.406361
     366.000       0.022407      -0.022405       0.404996
     367.000       0.022096      -0.021155       0.403665
     368.000       0.021763      -0.018010       0.402407
     369.000       0.021432      -0.013213       0.401259
     370.000       0.021072      -0.007305       0.400259
     371.000       0.020659      -0.000912       0.399439
     372.000       0.020248       0.005415       0.398823
     373.000       0.019847       0.010934       0.398436
     374.000       0.019342       0.015172       0.398288
     375.000       0.018890       0.017731       0.398384
     376.000       0.018401       0.018391       0.398724
     377.000       0.017886       0.017141       0.399294
     378.000       0.017380       0.014241       0.400074
     379.000       0.016819       0.010023       0.401041
     380.000       0.016355       0.004977       0.402163
     381.000       0.015745      -0.000239       0.403406
     382.000       0.015225      -0.005146       0.404735
     383.000       0.014713      -0.009206       0.406111
     384.000       0.014147      -0.011975       0.407498
     385.000       0.013625      -0.013287       0.408861
     386.000       0.013139      -0.013059       0.410165
     387.000       0.012637      -0.011334       0.411379
     388.000       0.012174      -0.008490       0.412476
     389.000       0.011711      -0.004835       0.413429
     390.000       0.011320      -0.000825       0.414218
     391.000       0.010925       0.003023       0.414829
     392.000       0.010515       0.006263       0.415249
     393.000       0.010232       0.008601       0.415473
     394.000       0.009924       0.009712       0.415504
     395.000       0.009676       0.009541       0.415342
     396.000       0.009470       0.008161       0.414999
     397.000       0.009362       0.005736       0.414487
     398.000       0.009262       0.002568       0.413819
     399.000       0.009231      -0.000823       0.413016
     400.000       0.009268      -0.004199       0.412096
     401.000       0.009373      -0.006970       0.411075
     402.000       0.009452      -0.008858       0.409979
     403.000       0.009628      -0.009628       0.408827
     404.000       0.009830      -0.009172       0.407641
     405.000       0.010024      -0.007456       0.406441
     406.000       0.010261      -0.004804       0.405251
     407.000       0.010465      -0.001418       0.404090
     408.000       0.010775       0.002293       0.402978
     409.000       0.010959       0.005805       0.401934
     410.000       0.011200       0.008778       0.400976
     411.000       0.011488       0.010859       0.400119
     412.000       0.011663       0.011663       0.399380
     413.000       0.011895       0.011209       0.398768
     414.000       0.012104       0.009493       0.398294
     415.000       0.012310       0.006599       0.397968
     416.000       0.012474       0.002969       0.397792
     417.000       0.012635      -0.001050       0.397773
     418.000       0.012808      -0.005122       0.397914
     419.000       0.012933      -0.008610       0.398213
     420.000       0.013018      -0.011306       0.398670
     421.000       0.013141      -0.012865       0.399282
     422.000       0.013217      -0.013134       0.400043
     423.000       0.013220      -0.012036       0.400946
     424.000       0.013290      -0.009874       0.401978
     425.000       0.013250      -0.006649       0.403123
     426.000       0.013254      -0.002864       0.404363
     427.000       0.013151       0.001118       0.405676
     428.000       0.013103       0.004983       0.407036
     429.000       0.013008       0.008312       0.408417
     430.000       0.012828       0.010743       0.409793
     431.000       0.012714       0.012225       0.411136
     432.000       0.012559       0.012556       0.412416
     433.000       0.012312       0.011695       0.413609
     434.000       0.012151       0.009961       0.414686
     435.000       0.011894       0.007353       0.415622
     436.000       0.011671       0.004239       0.416395
     437.000       0.011395       0.000931       0.416981
     438.000       0.011107      -0.002269       0.417363
     439.000       0.010880      -0.005220       0.417526
     440.000       0.010497      -0.007404       0.417458
     441.000       0.010211      -0.008960       0.417158
     442.000       0.009901      -0.009670       0.416625
     443.000       0.009505      -0.009482       0.415864
     444.000       0.009141      -0.008588       0.414892
     445.000       0.008786      -0.007114       0.413726
     446.000       0.008340      -0.005109       0.412390
     447.000       0.007952      -0.002987       0.410916
     448.000       0.007484      -0.000833       0.409336
     449.000       0.007065       0.001180       0.407686
     450.000       0.006581       0.002783       0.406010
     451.000       0.006085       0.003933       0.404345
     452.000       0.005652       0.004675       0.402734
     453.000       0.005126       0.004828       0.401221
     454.000       0.004622       0.004606       0.399842
     455.000       0.004161       0.004115       0.398632
     456.000       0.003665       0.003400       0.397627
     457.000       0.003154       0.002611       0.396847
     458.000       0.002766       0.002041       0.396315
     459.000       0.002323       0.001457       0.396044
     460.000       0.002035       0.001205       0.396035
     461.000       0.001897       0.001152       0.396286
     462.000       0.001916       0.001204       0.396787
     463.000       0.002162       0.001339       0.397514
     464.000       0.002585       0.001508       0.398445
     465.000       0.003048       0.001375       0.399549
     466.000       0.003645       0.001074       0.400785
     467.000       0.004249       0.000421       0.402118
     468.000       0.004923      -0.000669       0.403512
     469.000       0.005610      -0.002059       0.404921
     470.000       0.006305      -0.003659       0.406314
     471.000       0.007088      -0.005487       0.407657
     472.000       0.007840      -0.007131       0.408915
     473.000       0.008588      -0.008479       0.410066
     474.000       0.009459      -0.009404       0.411087
     475.000       0.010244      -0.009507       0.411956
     476.000       0.011060      -0.008771       0.412663
     477.000       0.011958      -0.007149       0.413198
     478.000       0.012774      -0.004521       0.413557
     479.000       0.013672      -0.001090       0.413744
     480.000       0.014535       0.002856       0.413762
     481.000       0.015445       0.007188       0.413623
     482.000       0.016361       0.011369       0.413344
     483.000       0.017250       0.014991       0.412941
     484.000       0.018188       0.017709       0.412431
     485.000       0.019160       0.019128       0.411838
     486.000       0.020016       0.018816       0.411179
     487.000       0.021030       0.016912       0.410476
     488.000       0.021951       0.013145       0.409748
     489.000       0.022867       0.007834       0.409013
     490.000       0.023828       0.001382       0.408285
     491.000       0.024754      -0.005760       0.407579
     492.000       0.025691      -0.013023       0.406906
     493.000       0.026580      -0.019500       0.406275
     494.000       0.027509      -0.024757       0.405693
     495.000       0.028416      -0.028078       0.405166
     496.000       0.029269      -0.028982       0.404695
     497.000       0.030141      -0.027294       0.404283
     498.000       0.031011      -0.023033       0.403930
     499.000       0.031799      -0.016315       0.403636
     500.000       0.032611      -0.007803       0.403398
     501.000       0.033400       0.001836       0.403215
     502.000       0.034138       0.011869       0.403087
     503.000       0.034879       0.021174       0.403010
     504.000       0.035545       0.028911       0.402985
     505.000       0.036291       0.034443       0.403010
     506.000       0.036874       0.036864       0.403085
     507.000       0.037509       0.036094       0.403211
     508.000       0.038124       0.032008       0.403389
     509.000       0.038636       0.024846       0.403618
     510.000       0.039149       0.015207       0.403901
     511.000       0.039649       0.004071       0.404234
     512.000       0.040060      -0.007851       0.404617
     513.000       0.040464      -0.019193       0.405046
     514.000       0.040805      -0.029018       0.405513
     515.000       0.041128      -0.036448       0.406010
     516.000       0.041396      -0.040688       0.406530
     517.000       0.041564      -0.041308       0.407056
     518.000       0.041791      -0.038375       0.407580
     519.000       0.041892      -0.031969       0.408087
     520.000       0.041933      -0.022707       0.408562
     521.000       0.042004      -0.011556       0.408992
     522.000       0.041982       0.000713       0.409362
     523.000       0.041880       0.012805       0.409659
     524.000       0.041827       0.023741       0.409871
     525.000       0.041626       0.032535       0.409988
     526.000       0.041480       0.038507       0.409999
     527.000       0.041195       0.041033       0.409900
     528.000       0.040943       0.040107       0.409690
     529.000       0.040647       0.035778       0.409369
     530.000       0.040234       0.028476       0.408946
     531.000       0.039873       0.018956       0.408430
     532.000       0.039439       0.008087       0.407834
     533.000       0.038928      -0.003269       0.407176
     534.000       0.038421      -0.013983       0.406476
     535.000       0.037875      -0.023228       0.405758
     536.000       0.037280      -0.030333       0.405045
     537.000       0.036646      -0.034616       0.404364
     538.000       0.035989      -0.035949       0.403738
     539.000       0.035350      -0.034332       0.403194
     540.000       0.034591      -0.029928       0.402752
     541.000       0.033881      -0.023347       0.402434
     542.000       0.033190      -0.015205       0.402253
     543.000       0.032371      -0.006225       0.402221
     544.000       0.031652       0.002813       0.402344
     545.000       0.030870       0.011070       0.402621
     546.000       0.030106       0.018138       0.403048
     547.000       0.029305       0.023357       0.403615
     548.000       0.028541       0.026540       0.404305
     549.000       0.027766       0.027621       0.405098
     550.000       0.026999       0.026636       0.405971
     551.000       0.026209       0.023810       0.406894
     552.000       0.025526       0.019619       0.407838
     553.000       0.024776       0.014322       0.408773
     554.000       0.024053       0.008464       0.409667
     555.000       0.023455       0.002492       0.410491
     556.000       0.022780      -0.003277       0.411218
     557.000       0.022191      -0.008479       0.411821
     558.000       0.021672      -0.012828       0.412284
     559.000       0.021141      -0.016246       0.412590
     560.000       0.020723      -0.018595       0.412726
     561.000       0.020304      -0.019802       0.412689
     562.000       0.019996      -0.019994       0.412478
     563.000       0.019754      -0.019169       0.412095
     564.000       0.019494      -0.017369       0.411553
     565.000       0.019458      -0.014839       0.410864
     566.000       0.019371      -0.011543       0.410048
     567.000       0.019386      -0.007694       0.409130
     568.000       0.019522      -0.003438       0.408135
     569.000       0.019693       0.001096       0.407092
     570.000       0.019891       0.005714       0.406034
     571.000       0.020248       0.010170       0.404987
     572.000       0.020576       0.014270       0.403980
     573.000       0.020999       0.017773       0.403044
     574.000       0.021464       0.020380       0.402198
     575.000       0.021973       0.021917       0.401461
     576.000       0.022534       0.022172       0.400854
     577.000       0.023103       0.021004       0.400384
     578.000       0.023733       0.018374       0.400061
     579.000       0.024410       0.014363       0.399891
     580.000       0.025051       0.009062       0.399870
     581.000       0.025762       0.002825       0.399995
     582.000       0.026542      -0.004019       0.400260
     583.000       0.027201      -0.011020       0.400650
     584.000       0.028023      -0.017633       0.401153
     585.000       0.028793      -0.023381       0.401752
     586.000       0.029552      -0.027708       0.402428
     587.000       0.030383      -0.030268       0.403164
     588.000       0.031160      -0.030646       0.403943
     589.000       0.032021      -0.028766       0.404744
     590.000       0.032807      -0.024562       0.405554
     591.000       0.033649      -0.018244       0.406359
     592.000       0.034533      -0.010178       0.407144
     593.000       0.035336      -0.000898       0.407903
     594.000       0.036178       0.008943       0.408625
     595.000       0.037095       0.018585       0.409306
     596.000       0.037871       0.027218       0.409941
     597.000       0.038760       0.034165       0.410527
     598.000       0.039593       0.038678       0.411060
     599.000       0.040436       0.040351       0.411536
     600.000       0.041255       0.038855       0.411953
     601.000       0.042082       0.034207       0.412307
     602.000       0.042909       0.026556       0.412592
     603.000       0.043699       0.016540       0.412805
     604.000       0.044448       0.004695       0.412940
     605.000       0.045271      -0.007899       0.412993
     606.000       0.045979      -0.020337       0.412960
     607.000       0.046700      -0.031543       0.412837
     608.000       0.047426      -0.040518       0.412620
     609.000       0.048096      -0.046459       0.412305
     610.000       0.048753      -0.048740       0.411889
     611.000       0.049364      -0.047048       0.411369
     612.000       0.049997      -0.041404       0.410744
     613.000       0.050542      -0.032153       0.410015
     614.000       0.051069      -0.019999       0.409187
     615.000       0.051591      -0.005869       0.408266
     616.000       0.052070       0.009057       0.407263
     617.000       0.052443       0.023508       0.406193
     618.000       0.052892       0.036232       0.405076
     619.000       0.053230       0.046085       0.403934
     620.000       0.053508       0.052073       0.402792
     621.000       0.053818       0.053719       0.401679
     622.000       0.054006       0.050651       0.400619
     623.000       0.054224       0.043190       0.399643
     624.000       0.054314       0.031853       0.398781
     625.000       0.054405       0.017690       0.398056
     626.000       0.054485       0.001844       0.397497
     627.000       0.054410      -0.014100       0.397125
     628.000       0.054374      -0.028866       0.396956
     629.000       0.054290      -0.041022       0.397006
     630.000       0.054063      -0.049447       0.397284
     631.000       0.053886      -0.053503       0.397786
     632.000       0.053615      -0.052774       0.398508
     633.000       0.053262      -0.047374       0.399437
     634.000       0.052922      -0.037981       0.400550
     635.000       0.052431      -0.025396       0.401821
     636.000       0.052018      -0.010837       0.403221
     637.000       0.051409       0.004269       0.404711
     638.000       0.050823       0.018686       0.406255
     639.000       0.050226       0.031134       0.407813
     640.000       0.049496       0.040537       0.409343
     641.000       0.048756       0.046276       0.410808
     642.000       0.048020       0.047994       0.412171
     643.000       0.047168       0.045618       0.413394
     644.000       0.046314       0.039641       0.414454
     645.000       0.045391       0.030684       0.415321
     646.000       0.044473       0.019569       0.415973
     647.000       0.043458       0.007434       0.416402
     648.000       0.042432      -0.004698       0.416596
     649.000       0.041402      -0.015929       0.416553
     650.000       0.040294      -0.025204       0.416281
     651.000       0.039174      -0.032057       0.415787
     652.000       0.038058      -0.035965       0.415089
     653.000       0.036902      -0.036851       0.414213
     654.000       0.035691      -0.034774       0.413179
     655.000       0.034545      -0.030246       0.412019
     656.000       0.033315      -0.023629       0.410768
     657.000       0.032142      -0.015749       0.409454
     658.000       0.030892      -0.007281       0.408113
     659.000       0.029717       0.001045       0.406781
     660.000       0.028543       0.008642       0.405485
     661.000       0.027287       0.014849       0.404259
     662.000       0.026177       0.019534       0.403132
     663.000       0.025024       0.022370       0.402127
     664.000       0.023862       0.023366       0.401265
     665.000       0.022826       0.022796       0.400565
     666.000       0.021779       0.020787       0.400033
     667.000       0.020772       0.017688       0.399678
     668.000       0.019885       0.013974       0.399496
     669.000       0.019002       0.009819       0.399477
     670.000       0.018278       0.005594       0.399610
     671.000       0.017566       0.001541       0.399878
     672.000       0.017020      -0.002209       0.400260
     673.000       0.016604      -0.005668       0.400738
     674.000       0.016223      -0.008547       0.401290
     675.000       0.016058      -0.011139       0.401898
     676.000       0.016013      -0.013231       0.402545
     677.000       0.016036      -0.014840       0.403219
     678.000       0.016221      -0.015962       0.403903
     679.000       0.016564      -0.016554       0.404590
     680.000       0.016891      -0.016348       0.405267
     681.000       0.017425      -0.015487       0.405926
     682.000       0.017976      -0.013714       0.406560
     683.000       0.018586      -0.010977       0.407159
     684.000       0.019289      -0.007441       0.407720
     685.000       0.019984      -0.003053       0.408237
     686.000       0.020773       0.001967       0.408709
     687.000       0.021548       0.007296       0.409133
     688.000       0.022306       0.012564       0.409508
     689.000       0.023227       0.017565       0.409835
     690.000       0.023954       0.021527       0.410114
     691.000       0.024821       0.024367       0.410342
     692.000       0.025675       0.025607       0.410521
     693.000       0.026463       0.024950       0.410646
     694.000       0.027278       0.022374       0.410713
     695.000       0.028108       0.017985       0.410720
     696.000       0.028876       0.011772       0.410659
     697.000       0.029668       0.004383       0.410525
     698.000       0.030419      -0.003796       0.410314
     699.000       0.031190      -0.012205       0.410019
     700.000       0.031916      -0.020016       0.409641
     701.000       0.032605      -0.026628       0.409182
     702.000       0.033356      -0.031493       0.408646
     703.000       0.034005      -0.033951       0.408041
     704.000       0.034660      -0.033780       0.407380
     705.000       0.035335      -0.030890       0.406677
     706.000       0.035962      -0.025291       0.405948
     707.000       0.036550      -0.017347       0.405215
     708.000       0.037156      -0.007794       0.404495
     709.000       0.037741       0.002901       0.403810
     710.000       0.038278       0.013612       0.403183
     711.000       0.038819       0.023532       0.402631
     712.000       0.039316       0.031764       0.402176
     713.000       0.039857       0.037566       0.401841
     714.000       0.040245       0.040194       0.401637
     715.000       0.040746       0.039580       0.401581
     716.000       0.041153       0.035474       0.401682
     717.000       0.041506       0.028216       0.401942
     718.000       0.041899       0.018446       0.402361
     719.000       0.042220       0.006908       0.402931
     720.000       0.042518      -0.005481       0.403635
     721.000       0.042783      -0.017454       0.404457
     722.000       0.043015      -0.028129       0.405368
     723.000       0.043265      -0.036537       0.406340
     724.000       0.043375      -0.041761       0.407343
     725.000       0.043540      -0.043533       0.408342
     726.000       0.043693      -0.041595       0.409302
     727.000       0.043703      -0.036005       0.410191
     728.000       0.043806      -0.027383       0.410976
     729.000       0.043800      -0.016437       0.411628
     730.000       0.043801      -0.003984       0.412121
     731.000       0.043740       0.008707       0.412432
     732.000       0.043643       0.020615       0.412547
     733.000       0.043538       0.030815       0.412457
     734.000       0.043359       0.038209       0.412155
     735.000       0.043121       0.042277       0.411649
     736.000       0.042949       0.042750       0.410947
     737.000       0.042594       0.039365       0.410068
     738.000       0.042284       0.032650       0.409039
     739.000       0.041949       0.023191       0.407888
     740.000       0.041516       0.011737       0.406650
     741.000       0.041072      -0.000547       0.405367
     742.000       0.040573      -0.012461       0.404078
     743.000       0.040072      -0.023145       0.402828
     744.000       0.039468      -0.031350       0.401661
     745.000       0.038843      -0.036495       0.400614
     746.000       0.038206      -0.038170       0.399725
     747.000       0.037515      -0.036237       0.399025
     748.000       0.036744      -0.030940       0.398538
     749.000       0.036000      -0.023048       0.398282
     750.000       0.035214      -0.013243       0.398271
     751.000       0.034319      -0.002620       0.398502
     752.000       0.033498       0.007673       0.398974
     753.000       0.032559       0.016784       0.399673
     754.000       0.031637       0.023798       0.400576
     755.000       0.030646       0.028097       0.401657
     756.000       0.029652       0.029502       0.402883
     757.000       0.028643       0.028014       0.404212
     758.000       0.027541       0.023914       0.405606
     759.000       0.026477       0.017860       0.407023
     760.000       0.025397       0.010615       0.408419
     761.000       0.024221       0.002830       0.409761
     762.000       0.023109      -0.004447       0.411014
     763.000       0.021951      -0.010661       0.412144
     764.000       0.020785      -0.015258       0.413133
     765.000       0.019617      -0.017827       0.413956
     766.000       0.018406      -0.018292       0.414599
     767.000       0.017327      -0.016935       0.415055
     768.000       0.016076      -0.013804       0.415314
     769.000       0.014950      -0.009654       0.415374
     770.000       0.013848      -0.004965       0.415241
     771.000       0.012684      -0.000275       0.414918
     772.000       0.011612       0.003750       0.414419
     773.000       0.010571       0.006712       0.413762
     774.000       0.009563       0.008388       0.412964
     775.000       0.008655       0.008599       0.412049
     776.000       0.007765       0.007410       0.411042
     777.000       0.007105       0.005250       0.409967
     778.000       0.006554       0.002321       0.408849
     779.000       0.006174      -0.000795       0.407714
     780.000       0.006120      -0.003572       0.406578
     781.000       0.006243      -0.005642       0.405459
     782.000       0.006659      -0.006654       0.404374
     783.000       0.007165      -0.006315       0.403331
     784.000       0.007863      -0.004776       0.402344
     785.000       0.008680      -0.002134       0.401423
     786.000       0.009426       0.001333       0.400574
     787.000       0.010316       0.005006       0.399808
     788.000       0.011168       0.008518       0.399134
     789.000       0.012021       0.011294       0.398564
     790.000       0.012883       0.012882       0.398107
     791.000       0.013686       0.012950       0.397774
     792.000       0.014568       0.011476       0.397571
     793.000       0.015321       0.008369       0.397506
     794.000       0.016101       0.003983       0.397585
     795.000       0.016885      -0.001201       0.397809
     796.000       0.017595      -0.006790       0.398182
     797.000       0.018287      -0.011999       0.398702
     798.000       0.018996      -0.016282       0.399370
     799.000       0.019627      -0.019152       0.400181
     800.000       0.020261      -0.020178       0.401135
     801.000       0.020832      -0.019154       0.402223
     802.000       0.021442      -0.016192       0.403438
     803.000       0.021965      -0.011412       0.404767
     804.000       0.022426      -0.005314       0.406190
     805.000       0.022979       0.001530       0.407681
     806.000       0.023355       0.008474       0.409214
     807.000       0.023774       0.014856       0.410754
     808.000       0.024138       0.019986       0.412265
     809.000       0.024451       0.023404       0.413708
     810.000       0.024766       0.024765       0.415046
     811.000       0.024983       0.023832       0.416241
     812.000       0.025209       0.020767       0.417263
     813.000       0.025449       0.015785       0.418078
     814.000       0.025509       0.009285       0.418664
     815.000       0.025720       0.001956       0.418998
     816.000       0.025791      -0.005667       0.419061
     817.000       0.025845      -0.012805       0.418844
     818.000       0.025921      -0.018866       0.418341
     819.000       0.025938      -0.023237       0.417550
     820.000       0.025940      -0.025609       0.416481
     821.000       0.025892      -0.025659       0.415151
     822.000       0.025853      -0.023464       0.413579
     823.000       0.025774      -0.019158       0.411799
     824.000       0.025624      -0.013177       0.409854
     825.000       0.025473      -0.006007       0.407785
     826.000       0.025336       0.001578       0.405652
     827.000       0.025081       0.008989       0.403510
     828.000       0.024850       0.015452       0.401415
     829.000       0.024600       0.020359       0.399432
     830.000       0.024299       0.023313       0.397617
     831.000       0.023976       0.023971       0.396019
     832.000       0.023608       0.022334       0.394690
     833.000       0.023277       0.018608       0.393668
     834.000       0.022832       0.013186       0.392977
     835.000       0.022429       0.006656       0.392643
     836.000       0.022007      -0.000312       0.392670
     837.000       0.021533      -0.006961       0.393056
     838.000       0.021049      -0.012719       0.393792
     839.000       0.020591      -0.016892       0.394850
     840.000       0.020082      -0.019262       0.396195
     841.000       0.019553      -0.019543       0.397790
     842.000       0.019031      -0.017885       0.399578
     843.000       0.018475      -0.014478       0.401504
     844.000       0.017943      -0.009825       0.403512
     845.000       0.017287      -0.004399       0.405537
     846.000       0.016759       0.001116       0.407520
     847.000       0.016147       0.006198       0.409410
     848.000       0.015483       0.010262       0.411153
     849.000       0.014917       0.012977       0.412711
     850.000       0.014307       0.014085       0.414054
     851.000       0.013680       0.013488       0.415153
     852.000       0.013140       0.011454       0.415995
     853.000       0.012555       0.008087       0.416571
     854.000       0.012115       0.004032       0.416876
     855.000       0.011617      -0.000369       0.416918
     856.000       0.011251      -0.004453       0.416707
     857.000       0.011000      -0.007823       0.416254
     858.000       0.010723      -0.009929       0.415582
     859.000       0.010665      -0.010665       0.414718
     860.000       0.010612      -0.009768       0.413687
     861.000       0.010750      -0.007448       0.412528
     862.000       0.010931      -0.003946       0.411278
     863.000       0.011214       0.000295       0.409972
     864.000       0.011684       0.004749       0.408650
     865.000       0.012147       0.008766       0.407347
     866.000       0.012739       0.011820       0.406097
     867.000       0.013434       0.013433       0.404926
     868.000       0.014168       0.013249       0.403859
     869.000       0.014977       0.011226       0.402911
     870.000       0.015831       0.007482       0.402094
     871.000       0.016751       0.002303       0.401414
     872.000       0.017703      -0.003639       0.400876
     873.000       0.018636      -0.009768       0.400479
     874.000       0.019662      -0.015246       0.400222
     875.000       0.020691      -0.019457       0.400099
     876.000       0.021642      -0.021639       0.400107
     877.000       0.022717      -0.021622       0.400237
     878.000       0.023702      -0.019011       0.400483
     879.000       0.024731      -0.014099       0.400836
     880.000       0.025706      -0.007222       0.401286
     881.000       0.026697       0.000949       0.401818
     882.000       0.027717       0.009639       0.402420
     883.000       0.028612       0.017809       0.403080
     884.000       0.029591       0.024715       0.403785
     885.000       0.030535       0.029441       0.404523
     886.000       0.031400       0.031366       0.405284
     887.000       0.032303       0.030255       0.406058
     888.000       0.033152       0.026000       0.406835
     889.000       0.034000       0.018904       0.407609
     890.000       0.034817       0.009651       0.408370
     891.000       0.035549      -0.000965       0.409108
     892.000       0.036407      -0.011995       0.409809
     893.000       0.037045      -0.022176       0.410458
     894.000       0.037772      -0.030660       0.411036
     895.000       0.038447      -0.036502       0.411528
     896.000       0.039006      -0.039002       0.411915
     897.000       0.039597      -0.037964       0.412179
     898.000       0.040108      -0.033347       0.412308
     899.000       0.040576      -0.025452       0.412287
     900.000       0.041014      -0.015105       0.412108
     901.000       0.041348      -0.003143       0.411771
     902.000       0.041742       0.009321       0.411272
     903.000       0.041992       0.021095       0.410618
     904.000       0.042197       0.031048       0.409812
     905.000       0.042460       0.038366       0.408866
     906.000       0.042561       0.042132       0.407799
     907.000       0.042683       0.042140       0.406628
     908.000       0.042730       0.038285       0.405382
     909.000       0.042772       0.030944       0.404091
     910.000       0.042743       0.020714       0.402792
     911.000       0.042667       0.008720       0.401524
     912.000       0.042592      -0.004155       0.400332
     913.000       0.042434      -0.016519       0.399260
     914.000       0.042249      -0.027272       0.398351
     915.000       0.042007      -0.035451       0.397646
     916.000       0.041766      -0.040309       0.397177
     917.000       0.041398      -0.041367       0.396970
     918.000       0.041061      -0.038723       0.397047
     919.000       0.040673      -0.032626       0.397411
     920.000       0.040200      -0.023650       0.398065
     921.000       0.039729      -0.012886       0.398996
     922.000       0.039209      -0.001251       0.400182
     923.000       0.038680       0.010223       0.401594
     924.000       0.038047       0.020278       0.403198
     925.000       0.037439       0.028339       0.404949
     926.000       0.036830       0.033648       0.406805
     927.000       0.036112       0.035826       0.408711
     928.000       0.035405       0.034925       0.410612
     929.000       0.034734       0.031224       0.412453
     930.000       0.033924       0.024988       0.414177
     931.000       0.033215       0.017159       0.415730
     932.000       0.032379       0.008290       0.417064
     933.000       0.031598      -0.000789       0.418130
     934.000       0.030756      -0.009265       0.418893
     935.000       0.029859      -0.016498       0.419330
     936.000       0.029035      -0.022095       0.419420
     937.000       0.028096      -0.025557       0.419159
     938.000       0.027141      -0.026831       0.418556
     939.000       0.026287      -0.026089       0.417619
     940.000       0.025263      -0.023276       0.416375
     941.000       0.024313      -0.019023       0.414854
     942.000       0.023348      -0.013688       0.413087
     943.000       0.022346      -0.007759       0.411124
     944.000       0.021376      -0.001770       0.409012
     945.000       0.020329       0.003696       0.406796
     946.000       0.019392       0.008487       0.404540
     947.000       0.018375       0.012079       0.402303
     948.000       0.017387       0.014427       0.400143
     949.000       0.016448       0.015554       0.398130
     950.000       0.015517       0.015469       0.396322
     951.000       0.014566       0.014346       0.394771
     952.000       0.013723       0.012568       0.393528
     953.000       0.012891       0.010270       0.392626
     954.000       0.012067       0.007716       0.392085
     955.000       0.011399       0.005315       0.391922
     956.000       0.010754       0.002977       0.392125
     957.000       0.010232       0.000910       0.392679
     958.000       0.009849      -0.000810       0.393560
     959.000       0.009613      -0.002416       0.394730
     960.000       0.009556      -0.003852       0.396146
     961.000       0.009668      -0.005228       0.397773
     962.000       0.009931      -0.006674       0.399560
     963.000       0.010451      -0.008244       0.401461
     964.000       0.010977      -0.009729       0.403435
     965.000       0.011772      -0.011286       0.405435
     966.000       0.012608      -0.012565       0.407417
     967.000       0.013508      -0.013391       0.409343
     968.000       0.014536      -0.013613       0.411169
     969.000       0.015623      -0.012991       0.412859
     970.000       0.016690      -0.011216       0.414381
     971.000       0.017872      -0.008465       0.415702
     972.000       0.019085      -0.004541       0.416804
     973.000       0.020274       0.000387       0.417674
     974.000       0.021535       0.005887       0.418302
     975.000       0.022813       0.011774       0.418688
     976.000       0.024102       0.017483       0.418842
     977.000       0.025409       0.022395       0.418770
     978.000       0.026705       0.026074       0.418488
     979.000       0.028077       0.028034       0.418010
     980.000       0.029368       0.027756       0.417348
     981.000       0.030689       0.025153       0.416515
     982.000       0.032079       0.020212       0.415524
     983.000       0.033305       0.012964       0.414386
     984.000       0.034664       0.004072       0.413113
     985.000       0.035904      -0.005907       0.411723
     986.000       0.037181      -0.016239       0.410232
     987.000       0.038391      -0.025841       0.408662
     988.000       0.039568      -0.033843       0.407038
     989.000       0.040812      -0.039510       0.405386
     990.000       0.041907      -0.041877       0.403738
     991.000       0.043023      -0.040694       0.402122
     992.000       0.044186      -0.035845       0.400566
     993.000       0.045201      -0.027375       0.399098
     994.000       0.046271      -0.016035       0.397744
     995.000       0.047287      -0.002697       0.396528
     996.000       0.048251       0.011578       0.395476
     997.000       0.049240       0.025388       0.394614
     998.000       0.050093       0.037334       0.393959
     999.000       0.051030       0.046407       0.393536
    1000.000       0.051837       0.051418       0.393364
